4.578431
4.630480
4.510155
4.512008
4.518047
4.581690
4.619347
4.509791
4.518593
4.505879
4.561882
4.539691
4.505897
4.563012
4.595142
4.696388
4.626835
4.642757
4.373571
4.567049
4.502288
4.460282
4.641851
4.439066
4.694149
4.626207
4.508728
4.542012
4.335866
4.315034
4.419162
3.807620
4.292757
3.963263
4.059957
4.222899
4.295053
4.116928
4.030290
3.931575
4.344950
3.854586
3.850542
4.265344
4.163254
3.876998
3.769224
3.630621
3.933686
4.473124
3.651424
3.715185
3.939607
4.125856
4.235805
4.331511
4.291323
4.364000
4.351786
4.292212
4.370998
4.443333
4.285093
4.182265
3.919437
4.513504
4.378184
4.123175
4.586639
4.490600
3.443445
3.939160
4.281246
3.800160
3.976568
3.629777
3.293500
3.030329
2.767531
2.582501
2.394309
2.526905
2.742672
2.468654
2.531633
2.205749
2.316668
2.182807
2.503700
2.068136
2.679370
2.686077
2.692767
2.699442
2.706099
2.712740
2.713594
2.715982
2.718371
2.720761
2.723151
2.725542
2.727933
2.730325
2.732718
2.735112
2.737507
2.739903
2.742300
2.860369
2.826346
2.384880
2.763532
2.794144
2.758231
2.749912
2.903382
2.606594
3.705068
3.705515
3.579404
3.377506
3.380073
3.163866
3.281059
3.038503
2.746768
2.441500
2.233717
2.221207
2.005017
2.057228
2.390295
3.380471
3.887596
4.004550
4.057646
4.166554
3.819083
2.492089
3.043828
3.445995
2.842863
1.771615
2.000165
2.849937
2.062339
1.550466
1.881829
1.507167
1.947058
2.683804
2.314084
2.668617
2.857200
3.174375
3.241518
2.990766
2.716421
2.387675
2.799874
3.017783
2.925121
2.613577
2.459623
2.497157
1.943609
2.816480
3.406920
3.355382
3.478743
3.525094
3.675664
3.623690
3.695330
3.624848
3.860429
4.032722
4.165301
3.985283
3.945719
3.761504
3.948356
4.037663
4.031645
4.205943
4.252656
4.279513
4.239237
4.203300
4.215863
4.172093
4.309437
4.038404
2.205198
2.726131
3.712988
2.846432
4.086384
3.803163
3.316715
3.840627
3.911173
3.899776
3.773318
3.836444
3.623852
3.322692
3.281373
3.380514
3.322022
3.477218
3.773475
3.778404
3.726950
3.792109
3.854525
4.025253
4.060268
4.052736
4.139151
4.258688
4.231329
4.284968
4.320416
4.360471
4.248472
4.281290
4.219169
4.241199
4.304911
4.400248
4.393185
4.165790
4.473995
4.558724
4.499356
4.714904
4.828303
4.899390
4.906703
4.937654
4.813377
4.799984
4.730626
4.723539
4.714068
4.029604
2.763250
4.275530
4.348823
4.376122
4.371483
4.037420
1.557279
3.396381
3.403225
3.382723
2.621949
3.145615
2.755770
3.062096
2.948571
2.874766
2.994561
3.956682
3.843385
4.844661
4.733853
2.649535
2.971932
2.346014
2.724743
3.063302
2.595529
2.256404
2.415156
3.002642
3.385838
3.340037
3.449379
3.545555
3.050056
2.862556
3.078740
2.579385
2.895204
2.990097
2.985988
2.489105
2.082976
2.400692
2.135875
2.127756
1.669162
1.854344
2.335918
2.789493
2.407348
2.519097
2.619582
2.567624
2.518785
2.605562
2.714361
2.815585
2.841129
2.682745
2.795121
2.680853
3.244656
3.374432
3.547245
3.778377
3.636436
3.480318
3.639793
3.660473
4.336672
4.207231
3.950179
3.967801
4.057269
4.033541
3.788468
3.908318
3.418858
3.266046
3.524051
3.246029
3.215737
3.136405
3.061790
2.637900
3.538783
4.034042
4.094570
4.041676
3.894989
4.035276
4.135136
4.463610
4.454941
4.476036
4.763216
4.845596
4.589638
4.495918
4.302771
4.481007
4.368221
4.357953
4.374765
4.414041
4.308761
4.216940
3.648122
3.345798
3.521260
3.470879
3.303961
3.222061
3.202185
3.207535
3.022152
3.230674
3.604861
3.582318
3.432888
3.467529
3.742576
3.951948
3.903765
4.101875
3.932516
3.681358
3.659330
3.647805
3.683185
3.672411
3.827540
3.743630
3.813926
3.885223
4.001687
3.946489
3.825171
3.883260
3.953306
3.995209
4.001189
4.003775
3.997077
4.032618
3.950802
3.912521
3.990689
3.952800
3.963326
3.982945
3.925200
3.847785
3.914983
3.994758
3.893390
3.938690
3.954489
3.972467
3.960218
3.848946
3.804688
3.774350
3.748489
3.768114
3.780056
3.761396
3.842285
3.917483
3.903614
3.976452
4.025278
4.092970
4.072699
4.021253
4.180250
4.066185
4.134427
4.144818
4.130093
4.136200
4.285307
4.350025
4.222254
4.531532
4.534164
4.494794
4.583207
4.466384
4.494145
4.556842
4.560904
4.399009
4.608756
4.729197
4.605567
4.735425
5.158179
5.233265
5.115848
5.258570
5.225686
5.256305
5.292657
5.292888
5.266571
5.161834
5.315710
5.354486
5.031063
5.146278
5.132758
5.138258
5.468175
5.376499
5.316212
5.413090
5.455267
5.435632
5.532192
5.510066
5.615148
5.568415
5.470066
5.435230
5.443480
5.541545
5.370452
5.356331
5.398457
5.377245
5.322883
5.309405
5.387679
5.470291
5.513800
5.520730
5.363753
5.488918
5.437189
5.356393
5.291183
5.296063
5.463756
5.480652
5.415310
5.348758
5.275926
5.412389
5.404060
5.408847
5.444817
5.452051
5.416892
5.468372
5.502405
5.442516
5.480619
5.426329
5.379636
5.321417
5.247166
5.250232
5.246988
5.363979
5.182151
5.196050
5.355991
5.322037
5.378342
5.358010
5.317732
5.335669
5.410585
5.433356
5.102136
5.056290
5.176146
5.241925
5.125607
5.103052
5.097023
5.049971
5.142344
5.127928
4.908424
5.112545
5.057562
5.407398
5.589418
5.632080
5.560049
5.525972
5.261623
5.006019
4.889170
4.990405
4.922108
4.960522
4.968224
4.954929
4.961954
4.972882
5.002557
4.943062
4.892248
4.818697
4.747833
4.736955
4.849903
4.725548
4.706817
4.795432
4.700533
4.776236
4.787390
4.931257
4.951684
4.837183
4.738835
4.793795
4.775373
4.792653
4.766866
4.850260
4.789518
4.801175
4.872715
4.748949
4.704651
4.790674
4.794824
4.820724
4.757443
4.744487
4.757786
4.778695
4.742667
4.670719
4.638974
4.701743
4.852280
4.850485
4.810422
4.750820
4.746761
4.755040
4.737553
4.734761
4.741642
4.771556
4.800764
4.813901
4.802459
4.765145
4.752851
4.741255
4.730048
4.724872
4.769703
4.815506
4.854508
4.854508
4.856147
4.858218
4.856310
4.844257
4.832675
4.874946
4.914834
4.960847
4.921363
4.860331
4.895365
4.924270
4.653807
4.609308
4.569754
4.592742
4.956145
4.140590
4.436272
4.895748
4.548512
4.375218
4.605946
4.703788
4.457470
4.470175
4.586606
4.550589
4.594243
4.658143
4.666250
4.699332
4.871053
4.793622
4.815194
4.787047
4.763753
4.759071
4.713516
4.788122
4.997577
5.036852
5.100022
5.072599
5.049786
5.037539
4.909891
4.964528
4.962379
4.924421
4.906042
4.898382
4.810029
4.798910
4.720342
4.707226
4.665297
4.604920
4.739133
4.589420
4.568126
4.722666
4.674139
4.651938
4.194134
4.364540
4.446981
5.033650
5.057909
5.199362
5.423220
5.427125
5.408528
5.390519
5.418122
5.518633
5.556137
5.570665
5.573511
5.459167
5.514619
5.381919
5.364163
5.376874
5.522399
5.531546
5.588036
5.544438
5.550269
5.472635
5.469144
5.460922
5.530728
5.493197
5.650837
5.665014
5.710966
5.662785
5.629385
5.610010
5.615401
5.631977
5.615806
5.562109
5.595801
5.591006
5.597139
5.566693
5.553484
5.463653
5.653007
5.507272
5.505172
5.488931
5.417060
5.446511
5.496948
5.553706
5.571125
5.555513
5.488295
5.430082
5.499326
5.500343
5.544540
5.522154
5.510992
5.552088
5.592996
5.478107
5.389428
5.387260
5.425456
5.350852
5.375945
5.411588
5.427162
5.435308
5.398993
5.377303
5.381437
5.352212
5.344986
5.350674
5.369343
5.405140
5.446686
5.434097
5.442300
5.426706
5.413163
5.384616
5.398075
5.367697
5.334038
5.313664
5.289390
5.272276
5.385362
5.440868
5.407282
5.438074
5.450295
5.393877
5.379046
5.356385
5.358057
5.340982
5.365330
5.401113
5.435435
5.420866
5.260474
5.229323
5.328581
5.310798
5.317911
5.242475
5.258629
5.315171
5.284516
5.362841
5.340046
5.339248
5.236312
5.350509
5.304207
5.295325
5.325836
5.361119
5.270969
5.254059
5.235209
5.207263
5.166861
5.211876
5.592537
5.423789
5.433819
5.393444
5.338128
5.443456
5.448150
5.454511
5.277818
5.228734
5.265441
5.295461
5.333024
5.216928
5.299816
5.267805
5.208944
5.303837
5.234134
5.304990
5.304637
5.313146
5.265655
5.114679
5.104628
5.247561
5.129594
5.265245
5.141453
5.195059
5.199192
5.213936
5.087026
5.114974
5.136469
5.090020
5.083102
4.923010
4.838459
4.917514
4.873547
4.781098
4.786340
4.607664
4.594572
4.618855
4.751115
4.584925
4.655029
4.475999
4.691685
4.660741
4.711151
4.642430
4.730074
4.575293
4.560847
4.578430
4.616065
4.647799
4.538259
4.500104
4.472977
4.556371
4.573133
4.409628
4.422882
4.319261
4.316754
4.336900
4.366725
4.267573
4.284973
4.280752
4.274384
4.286455
4.304957
4.157678
4.209578
4.340278
4.358790
4.403418
4.366063
4.185310
4.433908
4.415520
4.362879
4.387237
4.415934
4.276278
4.278472
4.449751
4.398186
4.360255
4.373357
4.380097
4.262536
4.275366
4.090097
4.292601
4.213609
4.215844
4.234383
4.263378
4.298364
4.293692
4.049101
4.060221
4.076242
4.088149
4.104224
4.113238
4.110475
4.128459
4.128336
4.106074
4.108485
4.230410
4.171547
4.419939
4.446891
4.547137
4.485883
4.512326
4.525047
4.434200
4.477205
4.498312
4.424610
4.423818
4.231519
4.264785
4.224179
4.150783
4.347019
4.404743
4.344346
4.281762
4.250635
4.582533
4.523076
4.612040
4.724913
4.657884
4.666316
4.666654
4.754330
4.547570
4.590397
4.581169
4.666399
4.629774
4.703766
4.702283
4.755264
4.775167
4.818909
4.744131
4.622913
4.960078
4.965952
4.958635
4.902211
4.884786
4.923037
5.001347
5.007849
5.027795
5.020671
4.893002
4.939325
4.773976
4.832675
4.847444
4.840247
4.807035
4.788987
4.603507
4.666751
4.532005
4.617544
4.691935
4.804741
4.863609
4.800426
4.785305
4.615419
4.619141
4.576952
4.574362
4.708781
4.710123
4.680216
4.650709
4.649685
4.646035
4.618433
4.772663
4.756036
4.288291
4.380130
4.357714
4.155585
4.294249
4.314374
4.426190
4.355196
4.321779
4.365961
4.396949
4.363543
4.259858
4.311635
4.342693
4.352003
4.287170
4.288989
4.346855
4.352143
3.910087
4.104570
3.458728
3.418593
3.548406
3.177043
3.020617
2.982102
2.866318
2.726368
2.718305
2.697258
2.471711
3.319312
3.729397
3.834455
3.994217
3.930785
3.979679
4.018161
4.049557
4.151893
3.840618
3.867142
3.914731
4.074988
4.181009
4.184313
4.309049
4.358583
4.340998
4.334894
4.062002
4.237678
4.115002
4.179398
4.290360
4.307583
4.141079
3.835785
4.244038
4.218179
4.176765
4.088156
2.904271
2.943503
2.839082
2.827270
2.738508
2.870526
2.881751
2.814971
2.947791
2.941620
2.802435
2.767787
2.701326
2.699848
2.774983
3.036056
2.881992
2.529057
2.550989
2.592442
2.646862
2.679509
2.678172
2.678117
2.686323
2.668583
2.723102
2.814956
2.865543
2.920940
2.981685
2.792652
2.669090
2.592136
2.720839
2.754416
2.634362
2.543912
2.492802
2.441570
2.596963
2.706179
2.684852
2.697535
3.029419
3.169010
3.240267
3.302625
3.316321
3.103127
3.176907
3.200624
3.447283
3.515841
3.453700
3.457686
3.313380
3.453738
3.681361
3.542161
3.431690
3.258889
3.323125
3.229182
3.232123
3.145249
3.090734
3.172910
3.164374
3.073404
2.968281
2.616303
1.593998
3.214268
3.237903
3.256447
3.054627
2.765520
3.107595
3.133111
3.297104
3.222413
3.278320
3.288209
3.219539
3.283090
2.982473
2.997532
2.934841
3.064790
3.049959
3.056650
3.051560
3.052120
3.106858
3.161993
3.150248
3.116177
3.116877
3.023879
2.994876
3.117539
3.309973
3.303881
3.301646
3.177345
3.476025
3.435295
3.452682
3.379639
3.225121
3.210189
3.204726
3.097361
2.898566
2.781278
2.882551
2.988669
2.964377
3.327944
3.423443
3.515094
3.627022
3.499453
3.238418
2.894466
3.345811
2.968033
2.164809
2.129796
2.185352
2.157156
2.122373
2.177651
2.239487
2.310121
2.123391
1.972268
1.769344
1.623864
1.881923
1.686217
1.988125
1.838182
1.599286
2.052319
2.310785
2.225428
2.281856
1.813830
2.098637
2.115093
2.115080
2.223023
2.210510
2.228237
2.399449
1.999060
1.933046
2.149023
2.070766
2.527489
2.276777
2.520352
2.648092
2.814870
2.046294
2.232595
2.274052
2.548287
2.670060
2.567229
2.563488
2.560318
2.533347
2.502632
2.476894
2.526309
2.509395
2.505184
2.342880
2.508362
2.522390
2.567474
2.540923
2.388646
2.404932
2.370441
2.302696
2.329097
2.222518
2.259128
2.054749
1.694451
2.576176
1.998835
2.076742
1.926430
1.606973
2.165268
2.026622
2.250255
2.289699
2.600358
2.593122
2.554815
2.578587
2.417458
2.306412
2.138617
2.203032
1.879398
2.119491
2.279011
2.382811
2.570377
2.462262
2.479163
2.396842
2.301854
2.337079
2.277243
2.149640
2.135224
2.530611
2.167949
2.366221
2.365951
3.020353
2.972913
2.924767
2.868940
2.857861
2.846761
2.809960
2.797283
2.786383
2.747856
2.713684
2.710929
2.827563
2.564029
2.339322
2.342807
2.300247
2.371814
2.446407
1.784824
2.376129
2.199020
2.079058
2.767751
2.684865
2.602213
2.618446
2.633985
2.543797
2.555600
2.643029
2.841622
3.010303
2.779615
2.832285
2.999189
3.169862
3.191514
2.764581
3.014756
3.398092
3.127399
2.958476
3.094338
3.015476
2.776298
2.184864
2.967140
2.968513
2.994625
3.046615
3.082246
2.751954
2.641838
2.791184
2.858908
3.200734
3.263296
2.855500
3.606094
2.975573
3.331057
3.020379
2.748628
3.035687
2.960730
2.987974
2.931494
2.925878
3.146777
2.832180
2.730196
2.806493
2.777302
2.871023
2.791280
2.899316
2.771602
2.789942
2.965769
2.949446
2.187251
2.741423
2.395584
2.822222
2.489026
2.709720
2.206715
2.660636
2.901267
2.124272
2.285515
2.415233
1.738247
1.732468
1.699666
1.894839
2.086122
1.563428
1.660379
1.619455
1.518144
1.764187
1.761970
1.769078
1.757454
1.757446
1.705034
1.581198
1.580094
1.903382
1.949983
1.630423
1.735927
1.564705
2.108305
2.035017
2.046254
2.193657
2.271264
2.043459
1.921243
1.907095
1.941238
2.078997
2.092416
2.169033
2.036176
2.569995
2.487740
2.481032
2.481000
2.460569
2.457402
2.458108
2.536450
2.554010
2.547542
2.332068
2.317552
2.648943
