2.179388
2.364939
2.422396
2.383938
2.410489
2.414090
2.378704
2.432533
2.379715
2.414368
2.400887
2.316114
2.373370
2.391599
2.424775
2.428804
2.393829
2.387152
2.373420
2.369281
2.428316
2.422492
2.380198
2.389016
2.351015
2.432330
2.372118
2.402230
2.400085
2.355756
2.393501
2.413061
2.404494
2.386495
2.422307
2.340137
2.261557
2.300296
2.385521
2.390900
2.410652
2.391628
2.377826
2.397329
2.372012
2.363142
2.434145
2.414717
2.416318
2.427529
2.425146
2.397229
2.404409
2.427642
2.452033
2.390940
2.335171
2.310721
2.330135
2.237950
2.301883
2.332625
2.483756
2.505506
2.518786
2.530189
2.521757
2.507926
2.488699
2.474279
2.491641
2.466289
2.298141
2.387844
2.458217
2.463455
2.386449
2.480216
2.439737
2.409191
2.329717
2.485377
2.551857
2.436237
2.480176
2.487106
2.438095
2.481666
2.500649
2.533518
2.547840
2.545654
2.575009
2.558970
2.531851
2.425445
2.465048
2.387440
2.344370
2.516066
2.479641
2.571903
2.536875
2.459485
2.498257
2.524682
2.507815
2.508390
2.569779
2.501998
2.511999
2.495218
2.596485
2.613749
2.466220
2.513466
2.430366
2.545957
2.444538
2.448773
2.555864
2.524678
2.581885
2.538596
2.516807
2.546998
2.586592
2.511534
2.525154
2.485375
2.479315
2.534068
2.470445
2.489382
2.403775
2.455414
2.380132
2.487940
2.501021
2.486714
2.419955
2.388335
2.328806
2.320876
2.291071
2.199231
2.276500
2.304808
2.360934
2.383515
2.488965
2.539608
2.522792
2.533787
2.521124
2.512990
2.510560
2.510220
2.605858
2.605631
2.610117
2.644534
2.621450
2.607338
2.573150
2.517025
2.519447
2.540442
2.538552
2.513854
2.515866
2.456859
2.457835
2.458266
2.443840
2.395092
2.442083
2.489623
2.502989
2.500313
2.504616
2.464865
2.435710
2.411532
2.421474
2.421854
2.380389
2.386513
2.440148
2.449882
2.460066
2.501551
2.507849
2.477041
2.498383
2.507178
2.555230
2.618687
2.530376
2.531792
2.509533
2.489035
2.486871
2.447082
2.449597
2.534168
2.605032
2.590879
2.593072
2.592441
2.551640
2.621053
2.638478
2.604448
2.630915
2.620891
2.673087
2.670809
2.658154
2.655686
2.631968
2.655150
2.670493
2.659619
2.627505
2.625183
2.631333
2.621732
2.631375
2.644008
2.684124
2.668390
2.643072
2.653171
2.659871
2.646006
2.650506
2.675273
2.674190
2.589160
2.659784
2.682696
2.688486
2.661384
2.702244
2.686987
2.681201
2.660029
2.715507
2.679727
2.610825
2.616413
2.617010
2.625965
2.636963
2.564403
2.457265
2.594285
2.567575
2.551742
2.721315
2.553728
2.654453
2.592846
2.671411
2.546044
2.666747
2.576970
2.615971
2.461331
2.341014
2.591572
2.442481
2.544183
2.262023
2.450987
2.493268
2.616014
2.497573
2.487068
2.681727
2.574737
2.675768
2.557394
2.609558
2.566870
2.318212
2.569475
2.367660
2.569671
2.532046
2.301018
2.525365
2.383443
2.584727
2.540185
2.515597
2.623622
2.593294
2.494375
2.360917
2.404202
2.395503
2.492084
2.534087
2.327124
2.576172
2.404636
2.276090
2.559862
2.376398
2.332100
2.363399
2.308629
2.332544
2.314099
2.306020
2.362898
2.252382
2.323494
2.349549
2.555645
2.342210
2.358098
2.427291
2.314982
2.449251
2.280808
2.290398
2.397984
2.280619
2.271652
2.281534
2.276873
2.332028
2.371797
2.333445
2.289623
2.308669
2.211686
2.312664
2.305369
2.308924
2.336490
2.325575
2.362218
2.310502
2.375603
2.334407
2.337531
2.375754
2.305179
2.534738
2.346571
2.354630
2.294516
2.441905
2.329623
2.312089
2.402352
2.098678
2.134430
2.265202
2.334908
2.357515
2.402420
2.314377
2.365257
2.372136
2.388161
2.368103
2.313968
2.284629
2.308314
2.228583
2.164311
2.296215
2.314872
2.351320
2.351778
2.343770
2.282132
2.389609
2.410761
2.410617
2.437654
2.414606
2.374558
2.355530
2.289406
2.379539
2.386814
2.366702
2.362824
2.378036
2.314408
2.327166
2.346545
2.377793
2.394603
2.446890
2.372111
2.360463
2.377538
2.364062
2.348220
2.341301
2.374244
2.358062
2.380016
2.411391
2.524663
2.497747
2.410477
2.504699
2.406981
2.497951
2.403166
2.473856
2.389884
2.402630
2.479218
2.486203
2.407115
2.420974
2.449639
2.413275
2.407500
2.376769
2.383934
2.406350
2.410653
2.408780
2.408573
2.418759
2.426084
2.410641
2.396703
2.382802
2.418757
2.417585
2.440577
2.420827
2.419908
2.409655
2.417417
2.411753
2.408176
2.395488
2.416165
2.423522
2.412237
2.405231
2.397420
2.364513
2.359447
2.400833
2.388729
2.391658
2.419236
2.427547
2.419493
2.406865
2.427146
2.426138
2.409023
2.389360
2.395629
2.392693
2.395060
2.411340
2.409155
2.395827
2.396497
2.347056
2.366971
2.339199
2.318682
2.321936
2.310569
2.333287
2.382438
2.419925
2.322043
2.310201
2.346803
2.294102
2.292171
2.304841
2.212662
2.264087
2.264149
2.306285
2.325577
2.322059
2.297280
2.295659
2.324693
2.388853
2.345514
2.341016
2.323653
2.314016
2.345168
2.289344
2.291620
2.276102
2.239248
2.223952
2.261405
2.322934
2.284447
2.247998
2.215110
2.234895
2.232301
2.215484
2.251428
2.234245
2.253861
2.361463
2.350202
2.313504
2.239847
2.271150
2.294104
2.302224
2.302671
2.306529
2.327950
2.347458
2.334284
2.366766
2.339760
2.296609
2.368151
2.424703
2.370880
2.421051
2.395231
2.414426
2.399144
2.377347
2.424027
2.430803
2.398066
2.373009
2.377384
2.324324
2.232068
2.341228
2.346091
2.364059
2.370675
2.368944
2.281618
2.350202
2.361215
2.372535
2.373362
2.352805
2.334390
2.318882
2.332486
2.365559
2.335647
2.341969
2.351813
2.389394
2.380286
2.380716
2.376366
2.350121
2.372370
2.385049
2.333602
2.330424
2.304430
2.325185
2.316472
2.335545
2.362585
2.298776
2.309158
2.307226
2.362783
2.342026
2.318294
2.363308
2.361095
2.326630
2.346104
2.347620
2.329936
2.326948
2.318806
2.313549
2.269184
2.289151
2.322362
2.242973
2.319802
2.323256
2.326601
2.360472
2.328772
2.336179
2.315540
2.308742
2.275459
2.363728
2.361333
2.369815
2.369403
2.390601
2.438155
2.420558
2.330098
2.366645
2.388746
2.357137
2.357503
2.389581
2.346902
2.329682
2.399051
2.398235
2.455278
2.479607
2.451602
2.423406
2.445363
2.466803
2.469793
2.460497
2.514189
2.520918
2.466709
2.373053
2.335104
2.319901
2.302029
2.308590
2.304059
2.465170
2.490143
2.488138
2.454942
2.488035
2.473672
2.394258
2.422832
2.448026
2.409750
2.395273
2.443088
2.431682
2.461295
2.461011
2.302712
2.279031
2.415473
2.534642
2.509019
2.537229
2.509652
2.537119
2.561009
2.549698
2.553500
2.561195
2.559464
2.556563
2.534953
2.532465
2.482850
2.522649
2.561786
2.562104
2.455568
2.444947
2.447387
2.436226
2.442141
2.374646
2.444960
2.437978
2.455990
2.471374
2.453858
2.495537
2.527171
2.523284
2.482619
2.492242
2.541823
2.592322
2.579901
2.580248
2.556054
2.528173
2.552059
2.546518
2.511283
2.521220
2.506231
2.524813
2.519246
2.514050
2.499127
2.505511
2.515810
2.551333
2.538940
2.517026
2.499673
2.530893
2.548627
2.570321
2.563116
2.586572
2.584720
2.530695
2.516812
2.522732
2.539816
2.572212
2.581570
2.583690
2.598259
2.606909
2.610055
2.596596
2.580718
2.578657
2.578474
2.288148
2.287747
2.289338
2.300827
2.297778
2.295248
2.304233
2.309466
2.312797
2.328026
2.323816
2.335210
2.346699
2.355473
2.361049
2.391498
2.372173
2.377532
2.364304
2.386411
2.395654
2.418689
2.427614
2.420246
2.424517
2.461446
2.456704
2.450770
2.447910
2.430872
2.431459
2.431634
2.444157
2.469708
2.449464
2.441696
2.454962
2.446185
2.437548
2.436223
2.434289
2.433868
2.433403
2.419822
2.374832
2.405114
2.395867
2.410069
2.354314
2.359916
2.349534
2.338698
2.344966
2.384774
2.365657
2.426130
2.413100
2.408474
2.395661
2.388239
2.415080
2.415406
2.412944
2.419025
2.411671
2.420701
2.422915
2.428095
2.415574
2.413207
2.436132
2.460893
2.472114
2.482038
2.472534
2.471163
2.497641
2.418201
2.359478
2.357613
2.225828
2.464722
2.549226
2.520910
2.510107
2.572009
2.515375
2.581142
2.542050
2.537157
2.535737
2.525410
2.534188
2.527012
2.531156
2.537139
2.537902
2.548921
2.521783
2.535060
2.512955
2.514809
2.502919
2.533685
2.513881
2.563095
2.578600
2.576240
2.582453
2.600309
2.611174
2.625668
2.638933
2.625767
2.621985
2.674920
2.678583
2.674065
2.672058
2.644307
2.635451
2.675945
2.667088
2.665742
2.654504
2.608333
2.583796
2.589420
2.582105
2.599593
2.608032
2.601916
2.584305
2.590645
2.597087
2.608091
2.596210
2.612028
2.609820
2.600583
2.588090
2.577507
2.578671
2.584684
2.590661
2.587228
2.591215
2.570058
2.487765
2.418008
2.558693
2.577031
2.567522
2.523643
2.420016
2.349919
2.305301
2.480291
2.435714
2.512801
2.526456
2.525896
2.308636
2.448735
2.575027
2.452289
2.423973
2.461449
2.432087
2.474469
2.525822
2.521830
2.429450
2.471950
2.483468
2.450726
2.514119
2.523848
2.569075
2.599893
2.495912
2.513834
2.506163
2.621220
2.507457
2.487876
2.589466
2.611207
2.507810
2.587375
2.502445
2.507993
2.503965
2.462741
2.424708
2.423098
2.469845
2.436373
2.439055
2.432203
2.398404
2.395371
2.439266
2.422330
2.475852
2.475284
2.445710
2.438136
2.442333
2.440752
2.445176
2.445461
2.445595
2.435699
2.430761
2.416483
2.452880
2.520411
2.529371
2.524529
2.538175
2.493024
2.484803
2.459629
2.475954
2.475511
2.476073
2.429816
2.465879
2.451764
2.409370
2.360209
2.378512
2.398984
2.382584
2.364435
2.397168
2.386260
2.384582
2.387083
2.391308
2.367980
2.358457
2.337274
2.328758
2.314427
2.310505
2.304526
2.316360
2.323506
2.314541
2.309522
2.261450
2.312694
2.331553
2.308255
2.242933
2.220799
2.245517
2.343388
2.498543
2.613333
2.396168
2.394362
2.401238
2.387103
2.405140
2.374344
2.388682
2.367964
2.443073
2.397826
2.413166
2.509810
2.415148
2.459675
2.447782
2.439197
2.466692
2.405748
2.544020
2.542868
2.448714
2.378807
2.408258
2.501934
2.467768
2.461127
2.611606
2.486198
2.452911
2.304605
2.318071
2.316627
2.331979
2.121073
2.261996
2.517538
2.442959
2.264308
2.397417
2.460669
2.688031
2.470937
2.652232
2.477039
2.258735
2.402983
2.427849
2.540421
2.484868
2.549596
2.551590
2.339249
2.471329
2.472191
2.467891
2.403265
2.343207
2.345052
2.345764
2.223091
2.229281
2.614183
2.659117
2.672870
2.794074
2.668031
2.777975
2.698034
2.854309
2.710864
2.706984
2.790142
2.711168
2.708704
2.833384
2.731237
2.789039
2.729977
2.651923
2.646385
2.646018
2.738261
2.656332
2.697494
2.658916
2.564972
2.497438
2.664624
2.495695
2.488796
2.607612
2.605728
2.572439
2.534740
2.496674
2.541762
2.569677
2.572804
2.570088
2.568608
2.586633
2.562195
2.609264
2.597659
2.590979
2.539769
2.506530
2.544534
2.549425
2.520051
2.490173
2.559375
2.557389
2.561554
2.519985
2.528114
2.548113
2.544112
2.553540
2.563347
2.630142
2.609557
2.537432
2.471996
2.526213
2.479770
2.497745
2.544509
2.590536
2.588622
2.502876
2.512195
2.535048
2.495531
2.485380
2.475576
2.455704
2.472148
2.382988
2.409025
2.454625
2.435364
2.449418
2.448367
2.492050
2.506372
2.547610
2.557935
2.554510
2.563276
2.534927
2.518684
2.543308
2.603126
2.649732
2.640194
2.575179
2.481881
2.588507
2.602981
2.621150
2.624476
2.623287
2.630909
2.624004
2.613188
2.598217
2.606050
2.609357
2.635509
2.661766
2.688747
2.658588
2.623583
2.664931
2.830579
2.856115
2.882050
2.888152
2.851299
2.754460
2.782386
2.740024
2.690499
2.710110
2.673951
2.759555
2.892037
2.947664
2.930914
2.972813
2.870746
2.633092
2.719252
2.771284
2.842140
2.890791
3.050672
3.028572
3.027407
2.965198
2.901069
2.960282
2.985474
2.706853
2.927186
2.877684
2.959110
2.892373
2.976241
3.118444
2.923262
2.890915
3.048263
2.788684
3.070497
3.091282
3.103910
3.072380
3.039647
3.123536
2.970743
2.986725
2.914117
2.876140
2.921578
3.103431
3.104146
3.071879
3.025691
3.124045
3.054413
2.873004
2.745122
2.782420
2.724371
2.819399
2.577341
2.552599
2.569276
2.565417
2.568787
2.538223
2.553622
2.433621
2.498625
2.477949
2.528216
2.600247
2.667798
2.552349
2.721026
2.829965
2.844934
2.864756
2.805888
2.858002
2.861360
2.739711
2.822579
2.771046
2.819279
2.910999
2.829727
2.824608
2.806662
2.839899
2.888844
2.870854
2.853364
2.698659
2.853975
2.778556
2.832890
2.865569
2.913194
2.878029
2.847549
2.804886
2.763498
2.762520
2.805071
2.775836
2.784002
2.761791
2.751471
2.671998
2.716467
2.710897
2.729481
2.707605
2.700163
2.665110
2.666142
2.659591
2.627870
2.645999
2.646786
2.667363
2.661059
2.664601
2.668350
2.672342
2.673412
2.675770
2.675769
2.680288
2.677161
2.731658
2.730031
2.711737
2.683354
2.715096
2.718351
2.721922
2.728970
2.670092
2.621449
2.556974
2.619235
2.077874
2.236012
2.153076
1.839211
2.347018
2.279035
2.191241
2.078151
2.417412
2.653481
2.095759
2.248454
2.202660
2.344161
2.415375
2.406956
2.428685
2.418744
2.435259
2.435259
2.425467
2.431431
2.449805
2.446675
2.475511
2.496796
2.567370
2.584078
2.592127
2.664503
2.653484
2.694987
2.743251
2.741871
2.715086
2.730353
2.712944
2.714489
2.780005
2.770874
2.775615
2.821201
2.842717
2.854390
2.816363
2.816784
2.829162
2.576966
2.572009
2.617520
2.726634
2.743801
2.708977
2.717595
2.713851
2.711666
2.707009
2.696069
2.707912
2.709375
2.718185
2.727697
2.740229
2.722147
2.732816
2.738576
2.729179
2.737291
2.747906
2.756899
2.765362
2.787547
2.795168
2.760129
2.767850
2.793948
2.792830
2.791054
2.794859
2.796408
2.801747
2.809670
2.797521
2.816473
2.838954
2.855776
2.859344
2.860391
2.845955
2.844554
2.852185
2.884605
2.901276
2.888812
2.889543
2.907175
2.912097
2.930902
2.918409
2.920704
2.905485
2.923015
2.919903
2.922258
2.928453
2.917262
2.897118
2.868149
2.865674
2.870920
2.891659
2.901100
2.924566
2.889855
2.901556
2.899978
2.900830
2.915934
2.920444
2.916674
2.917423
2.911953
